//solos timestamps, just the violin and viola dataset. Credits: https://github.com/JuanFMontesinos/Solos/blob/master/Solos/json_files/solos_timestamps.json
// Contains Youtube timestamps for Violin and Viola excerpts
{
  "Violin": {
    "-uV87ToKCcM": [[81, 5181]],
    "0OynaB3dcV4": [[42, 1016]],
    "0dKj8oP3QxE": [[109, 1589]],
    "1ndATPWcaok": [[0, 11779]],
    "1ytu0LGRScg": [[0, 15103]],
    "2EVvJId3QAw": [[0, 19973]],
    "38WfnMP7O6Y": [[133, 482], [623, 1522], [1692, 2477], [2573, 2781]],
    "3AJYvZin3Z0": [[0, 13002], [13007, 13844]],
    "3RxH4R1V_ZQ": [[193, 4998], [5130, 14526], [14609, 19702]],
    "4emPz_bpV4E": [[0, 18795]],
    "7Yb5ZVNiNDk": [],
    "8RkJOOb2AVM": [[0, 213], [219, 1905], [1969, 4845]],
    "AhzKxE6irJ8": [[321, 775], [1576, 2213], [2401, 3443], [3448, 4298], [4532, 4700]],
    "BNT95mbdbvo": [[276, 571], [584, 742], [1136, 1375], [2082, 2317], [2346, 2584]],
    "BVNafswddw8": [[0, 7568]],
    "C-dhpfxFDeM": [[0, 8111]],
    "E1xr4touR5g": [[0, 17929]],
    "E4FEOExWpKE": [[0, 10401]],
    "E4GV4eqEKFQ": [[0, 1175], [1187, 16623]],
    "Iw91usZ7wiI": [[37, 477], [484, 5331]],
    "Iz2SAWjD9mQ": [[94, 4390]],
    "JrNn2Ns7k-g": [[0, 10332]],
    "K0-gjCYrJn8": [[0, 3422]],
    "KxH4527dL88": [[164, 325], [514, 742], [1097, 1315], [1417, 1751], [1909, 2457], [3258, 3474], [3800, 4103], [4138, 4339], [4359, 4548], [4553, 4934], [4940, 5204], [5239, 5721], [6011, 6224]],
    "LFXQZamLiw4": [[0, 8643], [8669, 10063], [10071, 10588], [10669, 12026], [12074, 13239], [13245, 13763]],
    "MFgnRXqS6g8": [[0, 2282]],
    "ODMV3Qrt20k": [[13, 15231]],
    "PCCkguu91r4": [[81, 2445], [2455, 4695], [4701, 14204]],
    "PUYCwgJD2Ko": [[18, 1884], [1894, 4223], [4235, 7628], [7637, 10568], [10577, 12833]],
    "Q-NR6tsZyjI": [[89, 3662]],
    "QRdYAusDCLo": [[0, 14319]],
    "Qhfc41bn4jo": [[402, 4410], [4511, 8758], [8859, 11247], [11348, 13084]],
    "RSvOYJ6Seko": [[0, 666], [675, 3644], [3653, 4036]],
    "SOOXHrXmvJs": [[0, 13890]],
    "Si-S3XUftsk": [[11, 1051]],
    "TImP-2G1FI4": [[0, 6584]],
    "ULQIHfXmwEk": [[8, 8951]],
    "UWVROLcT3C0": [[0, 5166]],
    "WlxEQT3Onlw": [[496, 1235], [1244, 2038], [2045, 4617], [4626, 5628], [5637, 7376]],
    "XK5t7TFtJsQ": [[0, 3930]],
    "XahBwMHViJg": [[177, 17740]],
    "Xxpypdm0nj0": [[29, 7051]],
    "YRBLqsvqeMA": [[0, 15618]],
    "ZbEKQ7poGT0": [[0, 2603]],
    "_PFXrLBWlgU": [[0, 6358]],
    "a0f9W1CRxQM": [[0, 5063], [5181, 19247]],
    "a1_cmEl_ScQ": [[7, 6514], [6814, 7307]],
    "aiDmJ48o5Mw": [[0, 11261]],
    "dTApdk9eCVU": [[72, 3511]],
    "dTfA72RG8-g": [[0, 8634]],
    "e04KbqVApT4": [[0, 1155]],
    "fC6p0MRp-s4": [[7, 3923]],
    "fVrk2p35zEA": [[0, 12079]],
    "hSPeJm9-XF4": [[103, 684], [690, 973], [1159, 1365], [1416, 1834], [1839, 2342], [2347, 2662], [2747, 3557], [4838, 5088], [5371, 5536], [5598, 5918], [5981, 6292], [6548, 6894], [7067, 7223], [7303, 7478], [7491, 7674], [7686, 7908], [8091, 8346], [8355, 9085], [9503, 9672], [9864, 10068], [10450, 10674], [11066, 11227], [11606, 11819]],
    "jsttzKQGFro": [[66, 1636]],
    "l0GBOoS_Zv4": [[0, 200], [763, 1450]],
    "lWZG4fa3hQU": [[0, 16527]],
    "pGppKoQeQG8": [[0, 3842], [3851, 11212]],
    "qcCPODzJNQ4": [[0, 11693]],
    "rgmlb3jI274": [[102, 1573], [1674, 2803], [2904, 4511], [4612, 5914], [6015, 7359], [7460, 16183]],
    "sOdmMnjIWAU": [[22, 11563]],
    "tq69Hs2ytHQ": [[0, 457], [467, 1134], [2208, 2494], [2667, 3092], [3118, 3398], [3403, 3867], [4165, 4346], [4807, 4975], [5011, 5182], [6103, 6417], [6422, 6804], [6815, 7023]],
    "uNdB37UuLGY": [[0, 5330]],
    "v0Vz9bZRIQo": [[0, 10904]],
    "zRRUSMeTwl8": [[0, 16601], [16609, 21638]],
    "zXDQ-QliMJI": [[198, 374], [2045, 2303], [4188, 4447], [5767, 6223], [11816, 12056], [12127, 12308], [12604, 12995]]
  },
  "Viola": {
    "-fTiMdxqL1o": [[94, 5171]],
    "-onflKwlhRA": [[77, 9709]],
    "4KujFOTKzN0": [[0, 8705]],
    "517gOh0NNfY": [[0, 9009]],
    "7LJa8WznDLA": [[0, 11791]],
    "7tm_jQ592So": [[0, 7531]],
    "80pVi2NQ66c": [[402, 1101], [1302, 2596], [2697, 3679], [3781, 6150]],
    "B2vbBww6qPI": [[0, 21248]],
    "BNTdgv-DHm0": [[0, 1251], [1259, 8933]],
    "FPUPIuDm7kc": [[0, 8264]],
    "IGCx-Bdi-50": [[0, 11293]],
    "Jikd2Z3woSQ": [[0, 9131]],
    "JlzM6rgu5iw": [[0, 8787]],
    "JsR877if8j0": [[0, 4339]],
    "M-iEuiShwjg": [[165, 1520], [1621, 3787], [3888, 4337], [4438, 7254]],
    "NcByr12rAxM": [[0, 9788]],
    "QoUut_eHEF8": [[0, 8870]],
    "QrZ6LQWY-fo": [[0, 5495]],
    "RBQH09gvpWc": [[2, 11038]],
    "Rt6Q1ca1Sqg": [[0, 8767]],
    "SOU5JJ_sPh4": [[0, 5103]],
    "SsbB7f_Z-io": [[0, 5193]],
    "VsllnL0mTuU": [[485, 1352], [1360, 2375], [2383, 3463], [3472, 4844], [4852, 6772], [6781, 7819], [7826, 9408]],
    "W-ghmZkTtFE": [[0, 13076]],
    "WBXyDy8vVnA": [[177, 10907]],
    "WD36F6NoDvg": [[0, 9192]],
    "WZgPcjChMsY": [[0, 8382]],
    "WyAtM5H6H0w": [[0, 9652]],
    "Xs2sZ8iVEsw": [[0, 19356]],
    "_D-cVF_uvBk": [[56, 1028], [1077, 3790], [3839, 5015], [5064, 6517], [6566, 9148]],
    "_LbrrV0V3wU": [[0, 7499]],
    "_fp_jfzBgts": [[101, 10887]],
    "blzgC-ylE9w": [[0, 3244]],
    "c_l4U4qnM4k": [[0, 8270]],
    "cvE44e05rh8": [[0, 8900]],
    "f3oaQZgr4z4": [[0, 1134]],
    "fZe2U5-idiI": [[31, 8687]],
    "fnXlE75nx7g": [[0, 10389]],
    "gyQMB9mTy2s": [[121, 4431]],
    "hjvtVopqflI": [[0, 8562]],
    "jvZgxmVGR4A": [[0, 7470]],
    "lLml8_BjQO8": [[81, 2051], [2075, 3398]],
    "mPoN8m8gYz0": [[0, 8985]],
    "p0CzWz7DzVo": [[0, 3733]],
    "pzGMc_csKrw": [[0, 9180]],
    "q1_ODrcuxEY": [[0, 1894]],
    "qHxEIkwJwmU": [[0, 8913]],
    "qac9PbLaBsE": [[10, 191], [208, 3385]],
    "r265LrQjFL4": [[0, 7692]],
    "rfYY1Mpd284": [[0, 10299]],
    "u4noM_AJjoQ": [[0, 9453]],
    "voiYeiehBdo": [[0, 7871]],
    "wQ0EibGzows": [[0, 9087]],
    "xVMIoPj_xDA": [[0, 2763]],
    "zv8lwIHpyvU": [[0, 8413]]
  }
}
